+proj=utm +zone=47 +ellps=WGS84 +datum=WGS84 +units=m +no_defs	
626380.38	1852100.48	42.642	1548.12	797.92	140_0145_0003.JPG	P1
626380.38	1852100.48	42.642	1517.35	1485.85	140_0145_0004.JPG	P1
626380.38	1852100.48	42.642	1623.61	138.75	140_0145_0002.JPG	P1
626380.38	1852100.48	42.642	1498.15	2193.55	140_0145_0005.JPG	P1
626380.38	1852100.48	42.642	1502.07	2894.85	140_0145_0006.JPG	P1
626380.38	1852100.48	42.642	1525.70	3527.55	140_0145_0007.JPG	P1
626380.38	1852100.48	42.642	2360.55	207.05	140_0145_0019.JPG	P1
626380.38	1852100.48	42.642	2332.70	877.70	140_0145_0020.JPG	P1
626380.38	1852100.48	42.642	2310.35	1585.95	140_0145_0021.JPG	P1
626380.38	1852100.48	42.642	2298.10	2323.75	140_0145_0022.JPG	P1
626380.38	1852100.48	42.642	2294.60	3018.55	140_0145_0023.JPG	P1
626380.38	1852100.48	42.642	4636.30	2870.65	140_0145_0026.JPG	P1
626380.38	1852100.48	42.642	4607.10	3404.65	140_0145_0027.JPG	P1
626380.38	1852100.48	42.642	5115.90	2743.20	140_0145_0028.JPG	P1
626380.38	1852100.48	42.642	4628.90	474.80	140_0145_0029.JPG	P1
626380.38	1852100.48	42.642	4630.30	1037.30	140_0145_0030.JPG	P1
626380.38	1852100.48	42.642	4653.65	1749.15	140_0145_0031.JPG	P1
626380.38	1852100.48	42.642	4619.90	2456.75	140_0145_0032.JPG	P1
626380.38	1852100.48	42.642	4543.65	3110.55	140_0145_0033.JPG	P1
626369.30	1852110.99	42.442	1081.17	697.87	140_0145_0003.JPG	P3
626369.30	1852110.99	42.442	1040.56	1350.70	140_0145_0004.JPG	P3
626369.30	1852110.99	42.442	1172.39	58.25	140_0145_0002.JPG	P3
626369.30	1852110.99	42.442	1018.50	2034.80	140_0145_0005.JPG	P3
626369.30	1852110.99	42.442	1025.60	2723.30	140_0145_0006.JPG	P3
626369.30	1852110.99	42.442	1057.95	3352.80	140_0145_0007.JPG	P3
626369.30	1852110.99	42.442	2883.55	339.15	140_0145_0019.JPG	P3
626369.30	1852110.99	42.442	2874.50	1023.35	140_0145_0020.JPG	P3
626369.30	1852110.99	42.442	2860.70	1735.95	140_0145_0021.JPG	P3
626369.30	1852110.99	42.442	2845.30	2472.45	140_0145_0022.JPG	P3
626369.30	1852110.99	42.442	2829.70	3156.30	140_0145_0023.JPG	P3
626369.30	1852110.99	42.442	4023.65	3493.85	140_0145_0025.JPG	P3
626369.30	1852110.99	42.442	4795.10	2379.85	140_0145_0026.JPG	P3
626369.30	1852110.99	42.442	4765.10	2938.60	140_0145_0027.JPG	P3
626369.30	1852110.99	42.442	5084.70	2265.55	140_0145_0028.JPG	P3
626369.30	1852110.99	42.442	4176.02	294.95	140_0145_0029.JPG	P3
626369.30	1852110.99	42.442	4164.50	881.85	140_0145_0030.JPG	P3
626369.30	1852110.99	42.442	4192.05	1600.60	140_0145_0031.JPG	P3
626369.30	1852110.99	42.442	4166.50	2327.95	140_0145_0032.JPG	P3
626369.30	1852110.99	42.442	4102.50	3007.55	140_0145_0033.JPG	P3
626369.30	1852110.99	42.442	4006.73	3639.87	140_0145_0034.JPG	P3
626388.13	1852132.27	42.542	1301.30	408.35	140_0145_0004.JPG	P4
626388.13	1852132.27	42.542	1245.25	1059.62	140_0145_0005.JPG	P4
626388.13	1852132.27	42.542	1209.15	1767.70	140_0145_0006.JPG	P4
626388.13	1852132.27	42.542	1199.36	2465.08	140_0145_0007.JPG	P4
626388.13	1852132.27	42.542	1213.80	3124.15	140_0145_0008.JPG	P4
626388.13	1852132.27	42.542	2676.40	606.95	140_0145_0018.JPG	P4
626388.13	1852132.27	42.542	2648.30	1303.15	140_0145_0019.JPG	P4
626388.13	1852132.27	42.542	2634.30	2046.50	140_0145_0020.JPG	P4
626388.13	1852132.27	42.542	2625.60	2755.50	140_0145_0021.JPG	P4
626388.13	1852132.27	42.542	2612.55	3426.70	140_0145_0022.JPG	P4
626388.13	1852132.27	42.542	5466.50	2560.10	140_0145_0026.JPG	P4
626388.13	1852132.27	42.542	5429.25	3031.85	140_0145_0027.JPG	P4
626388.13	1852132.27	42.542	4272.15	20.75	140_0145_0030.JPG	P4
626388.13	1852132.27	42.542	4385.20	1353.05	140_0145_0032.JPG	P4
626388.13	1852132.27	42.542	4364.90	2051.20	140_0145_0033.JPG	P4
626388.13	1852132.27	42.542	4304.80	2751.55	140_0145_0034.JPG	P4
626388.13	1852132.27	42.542	4219.90	3393.35	140_0145_0035.JPG	P4
626409.03	1852148.72	42.342	1647.70	237.85	140_0145_0005.JPG	P5
626409.03	1852148.72	42.342	1590.00	902.15	140_0145_0006.JPG	P5
626409.03	1852148.72	42.342	1547.60	1603.75	140_0145_0007.JPG	P5
626409.03	1852148.72	42.342	1526.40	2316.89	140_0145_0008.JPG	P5
626409.03	1852148.72	42.342	1529.50	2999.60	140_0145_0009.JPG	P5
626409.03	1852148.72	42.342	1552.80	3623.15	140_0145_0010.JPG	P5
626409.03	1852148.72	42.342	335.20	1317.05	140_0145_0012.JPG	P5
626409.03	1852148.72	42.342	344.15	1696.55	140_0145_0013.JPG	P5
626409.03	1852148.72	42.342	337.10	2245.10	140_0145_0014.JPG	P5
626409.03	1852148.72	42.342	2319.10	108.30	140_0145_0016.JPG	P5
626409.03	1852148.72	42.342	2303.35	761.25	140_0145_0017.JPG	P5
626409.03	1852148.72	42.342	2272.50	1473.70	140_0145_0018.JPG	P5
626409.03	1852148.72	42.342	2257.00	2205.60	140_0145_0019.JPG	P5
626409.03	1852148.72	42.342	2253.85	2921.40	140_0145_0020.JPG	P5
626409.03	1852148.72	42.342	2266.30	3559.15	140_0145_0021.JPG	P5
626409.03	1852148.72	42.342	4655.05	577.35	140_0145_0032.JPG	P5
626409.03	1852148.72	42.342	4681.75	1222.55	140_0145_0033.JPG	P5
626409.03	1852148.72	42.342	4669.45	1914.85	140_0145_0034.JPG	P5
626409.03	1852148.72	42.342	4615.70	2591.35	140_0145_0035.JPG	P5
626409.03	1852148.72	42.342	4532.03	3225.54	140_0145_0036.JPG	P5
626394.11	1852157.44	42.342	1105.10	255.90	140_0145_0005.JPG	P6
626394.11	1852157.44	42.342	1034.10	899.30	140_0145_0006.JPG	P6
626394.11	1852157.44	42.342	986.90	1578.35	140_0145_0007.JPG	P6
626394.11	1852157.44	42.342	968.20	2264.75	140_0145_0008.JPG	P6
626394.11	1852157.44	42.342	981.55	2928.00	140_0145_0009.JPG	P6
626394.11	1852157.44	42.342	1022.30	3538.15	140_0145_0010.JPG	P6
626394.11	1852157.44	42.342	333.70	775.60	140_0145_0012.JPG	P6
626394.11	1852157.44	42.342	376.60	1131.30	140_0145_0013.JPG	P6
626394.11	1852157.44	42.342	329.80	1676.35	140_0145_0014.JPG	P6
626394.11	1852157.44	42.342	2922.45	134.55	140_0145_0016.JPG	P6
626394.11	1852157.44	42.342	2930.00	797.55	140_0145_0017.JPG	P6
626394.11	1852157.44	42.342	2911.60	1512.75	140_0145_0018.JPG	P6
626394.11	1852157.44	42.342	2895.90	2238.60	140_0145_0019.JPG	P6
626394.11	1852157.44	42.342	2879.50	2954.55	140_0145_0020.JPG	P6
626394.11	1852157.44	42.342	2867.25	3587.65	140_0145_0021.JPG	P6
626394.11	1852157.44	42.342	4134.30	494.85	140_0145_0032.JPG	P6
626394.11	1852157.44	42.342	4150.64	1158.21	140_0145_0033.JPG	P6
626394.11	1852157.44	42.342	4133.90	1872.55	140_0145_0034.JPG	P6
626394.11	1852157.44	42.342	4082.97	2574.82	140_0145_0035.JPG	P6
626394.11	1852157.44	42.342	4008.05	3232.80	140_0145_0036.JPG	P6
626394.11	1852157.44	42.342	63.21	2438.20	140_0145_0039.JPG	P6
626394.11	1852157.44	42.342	1.37	3078.06	140_0145_0041.JPG	P6